CAR
155.333
173.072
197.081
185.195
199.387
198.534
211.560
183.935
182.225
173.699
193.996
177.415
182.078
191.957
181.187
204.602
218.006
204.063
211.198
192.568
211.972
221.683
229.029
198.759
216.537
204.677
209.846
204.550
195.594
183.499
205.027
183.082
179.455
207.965
185.380
200.981
198.838
192.606
196.468
195.286
192.226
237.366
211.254
229.989
224.874
212.904
202.479
230.810
202.865
211.510
205.491
202.853
229.130
203.263
204.082
230.908
208.628
204.778
195.203
213.189
251.770
193.539
233.214
227.668
189.848
196.337
250.524
182.569
196.523
242.217
249.154
201.528
249.346
248.193
203.229
247.876
192.671
194.393
213.379
192.968
193.418
197.597
186.037
232.259
224.370
226.487
213.574
225.200
228.656
187.375
237.074
230.203
228.349
195.868
211.851
193.284
192.054
189.181
183.741
190.634
187.782
184.905
210.627
214.907
211.883
200.311
200.221
206.715
200.215
212.471
227.137
204.947
201.753
199.157
189.411
207.299
202.372
228.643
195.024
224.664
223.327
212.519
202.090
215.085
201.566
202.222
215.829
225.065
201.222
196.186
188.205
192.920
192.270
206.041
219.546
206.330
212.325
207.128
206.496
217.764
206.475
209.147
252.303
229.676
228.101
228.206
228.362
243.643
240.810
245.624
231.395
228.090
249.603
238.322
250.520
227.600
249.482
231.716
248.926
227.980
235.946
229.130
244.478
223.873
211.561
232.188
238.025
211.398
210.786
212.468
216.383
254.507
227.570
214.239
244.654
246.886
213.960
210.462
212.192
226.805
233.589
207.607
229.686
231.941
219.920
219.310
219.203
246.057
214.290
246.544
207.526
244.739
211.398
252.213
221.401
211.963
196.714
194.223
208.743
197.228
224.484
189.289
215.593
201.712
201.772
208.270
222.190
210.655
219.691
200.733
195.391
196.278
215.002
216.861
220.737
248.914
249.359
222.128
230.525
235.323
233.178
234.903
235.277
233.663
236.505
226.664
232.050
228.330
227.976
231.317
228.174
227.487
217.813
224.383
223.664
232.085
237.515
249.393
249.306
237.642
234.420
248.620
246.129
246.243
231.684
228.270
224.965
247.577
236.538
243.995
244.316
226.273
229.723
229.995
230.211
229.739
229.817
228.863
268.106
222.911
270.806
223.423
249.411
225.255
272.191
226.049
232.102
272.715
241.981
273.817
247.681
250.329
284.029
280.813
280.764
279.639
263.378
263.313
266.397
262.313
279.132
262.590
259.934
258.811
259.038
259.905
276.415
254.370
286.408
270.550
269.507
282.969
266.728
259.901
256.362
296.774
275.783
299.682
283.226
282.674
267.214
296.803
274.507
253.244
269.080
249.205
266.095
275.356
298.662
275.552
271.713
243.549
249.308
257.238
279.663
301.925
274.019
279.575
265.147
255.993
249.871
268.817
267.890
275.321
279.773
270.182
266.597
299.434
268.335
267.120
313.685
274.834
307.572
272.907
271.402
286.348
274.000
278.984
327.975
336.187
306.761
306.930
340.972
305.132
309.225
373.684
314.800
321.617
316.035
325.471
384.511
336.261
345.025
325.897
397.582
324.514
331.665
392.709
408.260
380.966
345.792
348.511
350.375
357.788
415.421
371.349
364.656
407.984
362.477
437.991
361.207
393.309
369.430
369.261
370.660
454.935
375.937
465.491
473.807
474.765
398.799
484.766
417.397
490.158
496.122
413.757
443.219
416.917
422.390
422.114
502.143
527.889
451.495
533.294
529.474
444.280
539.004
464.162
530.538
456.398
507.026
468.361
502.884
562.441
483.191
579.317
485.837
565.928
564.106
477.365
477.449
576.484
464.789
469.136
479.074
472.599
579.449
579.643
482.636
500.470
495.660
592.080
494.277
486.187
590.425
496.036
495.260
493.519
492.704
493.011
534.626
606.960
542.260
546.324
531.150
552.559
547.635
595.660
596.165
548.705
671.077
550.485
554.631
554.947
682.753
557.579
694.964
567.295
551.341
569.335
571.454
553.330
555.021
572.556
561.528
569.193
573.869
565.581
580.217
571.156
565.653
736.882
743.497
587.001
585.015
580.357
586.383
587.007
594.263
594.203
781.707
779.123
597.610
766.314
601.309
778.640
600.622
613.973
611.369
625.064
624.004
624.232
807.324
660.816
729.002
670.748
815.868
820.881
649.965
822.505
645.555
821.384
812.510
657.107
662.348
674.961
661.498
668.260
671.453
687.818
680.065
680.937
694.380
697.785
868.271
718.610
878.167
732.665
729.356
737.336
745.831
922.645
924.419
926.310
740.082
752.773
928.418
748.730
779.042
747.995
765.229
768.646
968.641
968.385
781.459
978.119
781.662
778.595
791.080
789.258
993.726
989.328
994.115
784.149
1012.903
788.851
780.254
784.969
787.027
1028.411
1040.319
815.935
812.608
813.551
1050.329
1050.533
814.340
1062.860
969.553
824.192
828.523
828.940
822.503
1062.692
832.969
1090.182
864.776
878.189
1119.680
1127.384
869.339
876.074
866.666
867.040
1135.858
887.451
1139.661
884.111
881.816
905.924
900.128
924.030
1154.905
996.045
929.347
1165.035
911.737
1188.702
922.109
1154.751
1206.688
1225.610
944.702
1226.945
968.278
955.781
1246.396
1245.713
1255.449
977.030
947.856
956.779
953.194
1275.620
1273.791
964.014
958.910
991.515
1016.613
1000.159
1017.324
1015.432
981.528
979.569
1000.404
1228.999
1243.395
1331.263
1008.816
1012.169
1021.398
1007.164
1008.082
1022.966
1364.244
1020.942
1029.203
1029.718
1030.845
1027.767
1033.981
1051.690
1023.414
1031.337
1023.012
1396.867
1195.363
1343.012
1033.725
1409.283
1030.622
1033.710
1030.379
1416.353
1038.755
1420.402
1427.634
1181.364
1064.465
1064.566
1075.039
1089.625
1459.963
1467.500
1465.114
1104.515
1081.967
1072.818
1473.203
1083.270
1331.844
1085.241
1339.148
1342.047
1094.877
1098.248
1489.663
1502.701
1497.687
1088.049
1090.652
1083.358
1090.162
1500.042
1122.970
1122.505
1531.853
1112.665
1112.690
1117.942
1115.726
1492.377
1113.101
1117.620
1522.623
1551.643
1123.566
1491.614
1139.891
1135.465
1150.072
1140.796
1577.190
1138.245
1141.678
1158.092
1153.779
1151.549
1621.078
1121.402
1118.480
1166.571
1622.753
1627.200
1128.378
1127.701
1133.593
1106.199
1122.159
1632.663
1112.176
1111.194
1128.870
1109.729
1342.782
1136.500
1123.726
1107.504
1120.788
1109.985
1358.253
1106.323
1611.671
1103.198
1688.631
1690.662
1102.346
1097.245
1692.477
1097.523
1342.460
1095.683
1094.353
1098.367
1106.036
1068.573
1725.794
1067.534
1727.681
1075.534
1740.263
1747.486
1748.819
1138.601
1092.285
1752.093
1091.255
1097.426
1092.844
1386.187
1771.341
1086.250
1087.653
1767.525
1578.867
1398.922
1094.564
1786.307
1098.020
1787.935
1112.066
1793.702
1790.575
1792.251
1098.579
1122.954
1798.973
1109.593
1111.513
1812.096
1113.493
1109.445
1116.048
1118.002
1117.499
1117.058
1118.884
1582.519
1114.132
1114.115
1856.388
1132.290
1309.132
1123.972
1132.652
1105.247
1102.801
1101.288
1878.488
1083.090
1717.710
1876.581
1871.781
1613.812
1887.020
1117.734
1114.727
1385.879
1110.174
1917.949
1121.689
1907.941
1079.824
1935.120
1424.174
1079.574
1913.304
1117.827
1918.729
1199.224
1087.842
1926.251
1080.378
1091.825
1083.936
1373.371
1084.267
1087.398
1085.375
1082.899
1084.541
1081.189
1087.669
1087.861
CACC_CAR
188.792
185.736
195.711
198.870
201.717
192.501
238.971
217.051
252.517
211.319
192.590
220.294
216.140
180.100
220.673
222.618
191.973
225.049
224.299
209.752
213.425
220.739
214.146
197.433
206.300
199.999
179.167
187.596
250.830
202.528
215.240
251.261
202.188
221.112
217.217
195.460
193.432
181.981
204.301
242.390
241.535
227.814
196.628
199.781
214.471
200.061
188.808
206.568
188.979
215.188
211.669
239.720
226.117
220.502
209.915
216.609
205.264
224.538
222.476
246.879
255.799
234.240
245.893
215.856
234.187
230.762
225.456
223.161
236.764
225.307
223.496
216.883
256.352
233.631
209.426
257.381
229.121
253.620
232.051
218.101
196.667
226.522
244.845
212.448
196.872
187.714
189.176
188.415
208.329
192.260
217.988
215.637
219.313
238.809
232.327
208.913
207.837
202.337
221.110
231.989
223.423
233.041
209.546
235.530
235.469
241.693
237.639
249.553
223.829
238.074
232.221
217.867
218.626
224.484
217.093
215.840
211.769
212.390
212.123
214.654
230.366
231.170
225.867
222.067
246.634
227.475
227.290
244.184
223.497
222.967
272.519
237.899
273.305
234.765
251.114
247.959
268.788
262.548
258.451
255.992
266.426
293.521
264.766
297.614
244.256
298.736
258.886
301.923
269.385
255.392
302.876
294.274
255.680
303.388
304.271
262.202
279.498
294.219
308.880
297.966
352.032
359.866
320.309
367.354
320.167
317.082
321.715
371.032
365.728
372.680
392.363
332.733
396.006
353.518
347.784
350.944
358.729
357.346
375.603
459.936
390.372
395.408
494.938
417.711
408.795
413.711
449.415
532.732
540.954
553.313
551.310
581.811
492.238
480.066
590.886
488.980
492.469
493.431
500.807
662.984
548.990
596.918
570.342
564.109
576.530
552.542
571.061
570.962
710.592
565.656
564.763
568.370
579.354
574.878
586.106
585.795
593.601
760.388
782.734
625.731
803.084
651.056
804.983
653.703
809.534
729.933
638.150
648.681
658.728
846.524
840.761
850.866
857.398
848.700
693.403
867.351
709.540
709.083
705.887
730.450
731.196
740.845
818.911
900.179
730.242
733.916
741.082
733.143
923.573
736.170
746.721
748.108
760.861
758.537
765.552
778.198
791.484
779.954
791.000
784.397
1002.016
783.508
1010.430
783.818
789.059
803.752
1027.107
793.895
939.318
826.050
824.257
1065.742
1081.059
832.704
830.703
1116.308
875.916
874.882
867.174
1140.737
881.353
1135.721
1137.993
889.294
1160.181
890.944
1159.126
927.299
1011.430
920.929
1200.660
935.996
943.564
946.294
934.664
934.762
965.787
949.715
932.542
943.822
942.109
1264.007
958.385
1305.900
1001.454
982.296
988.385
990.489
1334.554
999.907
1011.526
1005.035
1338.697
1372.787
1018.397
1048.710
1429.319
1440.150
1183.855
1063.931
1079.425
1069.757
1074.842
1073.199
1077.472
1071.661
1083.877
1486.103
1484.153
1081.239
1102.753
1096.895
1512.720
1113.121
1117.396
1263.853
1116.259
1551.307
1139.032
1135.482
1133.155
1129.172
1131.304
1582.788
1142.348
1157.058
1145.831
1142.957
1621.312
1626.524
1128.993
1112.592
1110.300
1131.858
1649.527
1134.511
1109.464
1092.286
1608.401
1318.575
1096.966
1697.157
1095.917
1697.817
1082.643
1070.423
1136.813
1083.014
1143.942
1088.894
1104.549
1100.671
1778.609
1783.447
1098.052
1797.563
1108.475
1104.587
1106.054
1807.057
1105.651
1828.907
1117.173
1726.656
1119.504
1849.276
1125.112
1131.278
1095.299
1080.379
1842.599
1840.185
1878.182
1881.063
1109.704
1108.455
1123.339
1082.674
1168.638
1911.846
1077.496
1921.122
1081.833
1341.399
1949.188
1087.389
1971.264
ACC_CAR
190.046
196.063
195.201
201.289
198.944
204.814
208.739
198.853
181.073
216.292
195.933
216.715
204.265
211.979
199.973
230.087
215.945
207.345
192.572
226.940
211.379
193.316
208.858
203.946
212.569
195.273
217.566
193.973
198.343
177.473
251.100
248.730
242.959
213.912
197.590
245.917
204.501
193.283
190.495
180.437
228.952
192.168
192.603
215.618
224.598
191.783
212.426
193.566
178.258
215.130
209.911
218.689
229.991
213.443
224.996
221.660
191.050
189.704
186.481
184.697
211.290
204.863
191.489
199.394
218.781
206.245
216.977
232.908
212.368
217.558
224.166
239.374
246.069
251.150
242.777
229.943
235.259
232.736
239.078
239.511
226.937
245.246
211.500
226.733
246.553
216.265
212.243
251.136
245.809
233.201
209.770
249.354
207.977
198.865
258.990
245.702
223.106
195.016
198.606
243.417
197.179
246.097
192.629
223.916
205.140
210.262
252.174
207.495
208.070
230.796
214.872
226.827
225.710
239.144
245.503
235.469
231.993
222.815
212.175
258.574
242.405
248.223
241.745
240.174
242.031
227.596
222.165
236.990
221.606
220.591
220.737
221.095
242.777
237.693
229.441
223.595
225.151
241.029
275.830
225.838
230.728
273.038
245.823
247.135
274.122
252.295
251.522
265.709
283.884
279.749
258.317
268.302
270.210
274.766
274.961
254.177
269.332
282.955
255.748
252.689
260.250
276.232
272.031
264.357
257.691
252.546
301.593
252.864
277.172
272.031
275.009
303.044
276.151
284.721
284.866
251.311
301.722
261.473
260.567
279.607
261.318
266.397
308.080
271.335
281.387
279.784
340.207
314.300
365.630
324.355
391.743
324.114
324.350
395.311
360.137
358.787
372.261
377.142
396.824
454.953
416.671
498.609
422.251
431.685
436.451
443.111
534.043
465.838
454.838
461.567
549.685
559.979
480.315
564.133
476.997
589.306
607.127
615.800
513.888
532.804
532.986
648.518
559.680
571.421
563.900
560.239
715.984
569.314
570.445
585.637
772.553
599.437
601.662
764.969
808.502
820.741
644.021
656.170
844.688
676.582
690.074
695.446
694.595
710.971
718.231
898.179
731.317
738.638
902.277
745.734
743.475
747.102
774.165
769.834
975.930
780.900
801.410
792.997
790.100
777.760
796.526
996.645
804.478
784.176
778.328
791.375
1004.099
804.456
799.267
818.843
819.543
802.787
812.811
1069.227
822.167
820.438
1067.994
1097.157
845.039
871.101
872.156
866.818
875.125
866.815
878.804
883.273
879.044
883.817
896.245
922.164
897.432
1155.431
998.934
1173.463
1172.929
916.197
1046.542
928.651
934.584
1221.663
955.892
1229.561
928.672
940.752
960.493
937.731
1237.199
951.185
1281.941
954.010
967.030
1289.901
1306.614
1309.936
1002.381
1239.327
999.585
1003.778
1354.713
1355.940
1356.735
1040.191
1020.075
1019.470
1019.606
1031.934
1347.785
1344.070
1043.646
1045.142
1173.185
1445.998
1077.587
1462.356
1072.779
1471.652
1479.344
1087.509
1083.484
1106.304
1097.080
1109.948
1105.432
1101.193
1105.167
1541.460
1545.341
1544.400
1484.391
1542.091
1113.192
1547.423
1126.581
1569.650
1138.192
1169.168
1624.219
1134.321
1628.047
1633.970
1626.854
1631.019
1313.878
1121.054
1129.551
1110.412
1133.778
1112.381
1116.018
1114.454
1107.599
1098.377
1075.656
1715.337
1105.512
1711.337
1757.991
1084.889
1094.169
1771.620
1769.473
1090.278
1106.694
1095.001
1101.333
1795.732
1097.795
1810.561
1828.366
1120.702
1833.420
1120.130
1119.950
1094.496
1873.972
1831.488
1096.186
1854.139
1112.989
1131.558
1122.552
1123.118
1115.240
1100.701
1075.938
1124.670
1112.475
1927.095
1860.630
1088.805
1943.494
ACC_TRUCK
249.441
248.381
251.408
252.580
251.816
250.191
257.424
251.768
247.011
257.888
255.736
259.318
257.357
257.840
254.640
255.238
257.686
250.540
260.879
258.096
265.009
267.160
269.267
270.937
270.432
276.479
282.743
283.493
269.662
291.866
273.465
299.483
299.587
368.505
427.458
663.206
664.526
875.856
991.527
1001.211
1047.750
894.809
1167.570
1218.745
1292.547
1325.990
1342.332
1350.063
1368.218
1433.517
1439.425
1478.666
1133.270
1156.473
1568.361
1623.360
1802.711
1834.130
1271.712
CACC_TRUCK
250.985
252.040
249.475
251.249
254.481
249.850
249.750
251.922
252.782
251.967
252.575
253.866
250.645
251.722
256.349
258.746
268.116
259.185
260.427
256.826
254.319
254.751
250.645
264.764
270.793
283.212
286.805
269.120
285.112
293.032
299.232
309.521
334.299
453.054
479.021
542.302
746.432
776.254
781.268
825.903
893.788
889.150
899.369
925.722
956.935
980.180
1070.968
1110.356
1120.190
1144.268
1347.600
1387.257
1445.879
1461.472
1098.095
1137.835
1595.971
1617.977
1773.348
1871.744
1868.844
1104.155
1975.141
