CAR
176.880
182.006
177.355
189.484
186.242
185.088
188.549
178.575
177.340
167.272
184.597
179.306
186.698
185.860
200.361
180.737
232.209
185.330
202.544
233.787
205.356
208.252
205.926
195.493
199.909
198.158
197.400
189.608
190.300
213.598
205.014
232.587
205.244
231.837
205.488
200.372
191.789
217.719
237.110
210.581
230.499
188.602
209.311
212.907
211.647
201.760
199.094
207.420
192.764
214.620
221.490
199.490
243.875
197.795
194.688
195.090
244.759
212.249
210.187
245.074
235.511
232.074
211.560
229.624
243.782
232.555
212.104
212.204
209.835
229.959
211.545
219.479
232.851
230.748
236.377
236.028
229.408
222.834
242.482
212.486
220.229
228.219
221.454
207.010
194.227
196.435
192.445
206.115
199.663
214.083
221.712
215.826
208.730
210.276
200.945
192.846
210.265
191.430
193.233
187.815
187.732
232.835
225.149
184.373
188.684
215.468
214.948
206.134
215.636
180.197
204.214
188.164
203.085
187.571
190.648
200.435
186.916
209.384
200.715
236.504
227.400
217.667
197.961
215.351
199.091
211.296
196.538
198.993
219.638
219.239
207.394
205.587
199.141
192.490
240.195
237.657
238.434
241.090
214.742
227.624
227.619
216.642
239.855
206.357
209.044
215.633
206.495
211.482
224.028
212.664
214.693
203.389
203.591
214.531
219.562
200.618
192.907
208.950
237.728
236.582
236.118
202.754
188.940
245.427
190.248
190.577
200.681
197.823
215.331
218.965
207.223
213.570
244.111
199.709
240.699
223.922
226.403
226.461
225.847
217.774
214.973
196.229
209.605
206.930
204.049
224.204
217.131
220.834
213.498
248.596
225.961
231.506
219.709
221.265
234.377
234.848
245.665
218.712
220.647
240.706
214.616
240.777
218.838
243.757
243.104
219.058
207.852
204.038
213.667
204.613
193.257
221.921
193.156
226.462
218.280
215.466
247.316
239.847
210.695
234.322
206.837
209.469
196.205
207.888
198.098
210.931
188.895
190.281
195.105
192.072
236.128
199.488
194.012
226.047
211.758
215.173
191.478
190.734
197.680
190.692
196.790
214.629
193.782
189.403
189.663
175.031
188.061
184.794
183.550
244.822
188.161
244.941
236.957
219.629
179.448
233.817
234.082
207.497
200.711
184.858
213.975
240.154
200.217
194.031
200.917
201.550
207.855
209.226
216.675
199.989
202.981
191.804
223.248
193.025
188.334
194.040
189.241
189.441
196.908
232.073
199.898
221.790
199.750
223.667
213.704
226.064
201.840
201.305
201.552
209.940
203.086
208.325
234.500
229.658
209.824
219.964
209.025
208.726
207.813
228.158
203.916
210.764
203.352
201.155
207.990
202.656
194.081
194.287
250.808
199.993
194.923
249.446
234.607
196.386
251.821
196.569
249.114
249.412
237.560
246.789
198.187
199.758
221.832
191.946
233.686
209.652
191.963
212.618
218.032
255.000
217.262
223.223
255.832
254.457
234.660
203.210
207.245
200.250
200.538
206.398
255.657
233.613
251.843
235.970
225.258
227.350
220.958
244.458
225.507
233.692
219.286
241.765
214.803
215.322
221.576
211.497
216.309
242.542
207.637
206.858
213.812
211.351
195.756
195.967
196.071
196.272
216.318
237.325
202.500
202.775
219.054
207.039
207.853
218.854
202.654
202.792
203.051
236.631
229.673
229.668
248.477
251.231
250.703
249.061
247.150
247.338
247.614
251.569
251.863
246.564
249.205
247.082
245.406
245.348
248.017
245.547
252.336
237.345
237.642
247.693
253.464
233.927
253.841
246.133
252.528
253.684
233.978
235.912
220.654
232.904
257.112
267.465
238.903
244.672
231.141
261.187
248.677
270.415
240.640
240.591
237.144
245.679
236.730
235.581
251.617
260.930
268.397
272.086
248.122
251.111
248.721
250.197
259.451
277.340
241.917
243.573
280.596
252.786
244.416
247.069
296.808
247.151
247.130
249.866
243.948
250.401
258.546
335.035
277.732
295.943
257.690
255.572
282.876
328.874
263.464
260.307
281.395
330.979
276.717
273.565
263.010
273.296
270.248
268.511
276.486
359.882
354.476
299.078
296.486
292.436
303.545
381.340
308.463
379.375
384.193
305.110
297.651
340.600
306.592
297.412
313.996
299.936
414.920
409.283
309.370
336.240
346.761
401.085
409.700
414.987
394.367
350.384
348.600
345.991
412.362
338.207
354.047
363.664
419.500
379.699
362.475
359.428
358.643
349.749
394.271
374.398
365.685
362.269
408.602
472.966
372.463
363.199
364.768
484.828
371.516
468.940
376.619
374.053
403.408
481.767
397.377
399.907
482.637
413.679
478.748
403.620
409.101
412.324
407.487
444.782
494.856
424.048
413.750
398.964
528.233
434.207
446.953
401.776
408.842
550.543
449.429
414.206
527.987
437.275
416.598
463.410
429.045
425.159
427.493
434.502
510.647
582.976
437.519
568.541
437.862
453.047
464.779
452.368
455.982
467.456
597.322
468.495
477.841
601.778
496.693
508.563
485.991
485.180
572.764
599.882
499.953
539.076
483.323
526.180
603.247
522.138
510.844
493.600
509.679
487.974
486.429
489.076
520.491
498.602
507.073
497.133
528.118
528.806
673.703
497.607
510.180
519.836
520.553
525.988
510.244
708.490
510.689
712.657
519.488
536.269
538.937
535.839
526.631
678.819
671.946
544.636
539.808
511.706
519.560
651.102
539.404
500.784
514.914
505.854
502.904
499.236
519.410
541.364
807.842
562.411
541.565
591.800
705.130
676.802
670.108
658.206
558.595
557.757
577.172
877.696
601.152
742.410
575.976
751.895
583.621
562.665
587.283
562.072
577.991
549.796
853.265
803.004
576.817
563.636
560.906
903.885
590.177
902.942
558.316
571.119
572.738
622.692
594.729
606.617
572.483
743.679
579.307
958.322
568.131
580.420
582.774
581.322
558.944
559.950
982.599
785.212
565.230
561.071
984.065
579.963
566.779
544.987
624.093
552.616
554.025
610.464
586.451
605.864
573.733
569.563
570.176
704.425
583.775
552.675
585.789
1055.697
988.251
1014.490
548.993
543.940
555.946
1008.014
592.338
566.566
1085.279
568.293
569.591
534.264
582.159
550.224
533.030
548.258
1117.557
1094.856
573.164
524.551
564.015
522.173
542.755
1026.803
519.102
1133.704
1022.776
1138.815
1133.861
533.516
529.485
550.738
551.065
558.338
561.590
521.787
524.373
1007.962
565.673
531.147
557.302
557.333
559.700
520.587
524.393
540.491
529.773
1119.372
517.946
877.905
1104.246
889.751
1100.539
1111.556
742.818
819.236
798.094
1101.131
636.709
1078.325
589.588
1079.638
880.603
594.388
634.548
622.696
560.785
559.506
608.770
547.454
591.320
1104.366
570.644
551.096
551.431
1102.179
545.788
541.134
1054.303
541.148
544.390
1001.973
538.664
951.470
533.553
533.286
940.318
528.599
526.373
1075.012
552.187
659.873
541.422
548.827
532.086
509.543
506.487
1066.277
519.155
509.880
494.696
538.335
533.113
492.167
565.724
559.211
512.933
498.076
695.750
874.667
775.687
734.812
961.497
1055.261
467.963
1049.008
458.062
471.819
449.418
1040.422
444.251
1039.964
446.019
1037.281
445.838
426.855
706.252
928.217
419.607
454.502
892.680
458.551
908.208
432.266
905.160
441.593
440.197
423.862
908.478
427.107
419.234
400.773
513.865
789.548
501.109
802.075
432.998
880.786
851.159
882.702
435.900
500.161
457.952
443.138
411.298
749.290
419.327
748.877
733.302
758.057
432.096
432.602
437.248
469.919
454.432
654.607
403.339
426.423
790.282
777.605
372.837
377.760
372.052
392.053
722.017
370.412
375.889
734.053
416.035
471.107
391.097
544.270
372.224
423.101
434.150
425.087
411.051
409.296
389.201
522.161
394.489
434.123
531.136
530.065
410.132
721.581
475.231
397.584
391.958
376.842
377.081
669.730
349.316
ACC_CAR
179.177
176.641
189.099
185.926
186.791
180.791
181.053
179.360
181.649
190.789
180.504
171.688
173.197
190.513
183.112
217.558
190.741
209.396
188.822
185.457
178.992
199.356
187.132
205.416
204.364
193.198
229.144
228.205
193.529
194.895
236.533
221.683
209.911
194.240
210.053
189.537
206.487
217.838
213.317
209.633
229.390
213.359
207.930
201.859
192.991
198.701
197.410
195.319
195.078
209.639
199.808
197.077
245.023
245.090
227.091
245.575
218.567
229.435
219.906
233.951
225.257
217.806
222.336
220.525
211.447
229.229
219.839
245.869
242.990
231.846
235.218
212.667
217.428
208.845
217.458
201.263
203.961
224.287
239.612
239.909
227.345
200.077
228.429
192.884
219.591
189.844
185.890
222.822
189.993
217.794
214.114
186.833
185.732
231.076
193.409
208.847
219.735
197.644
184.278
216.307
198.952
206.126
202.470
215.064
180.301
220.743
209.066
199.021
199.829
192.352
191.141
212.277
206.046
186.198
201.937
207.920
206.623
225.021
227.194
219.007
212.250
222.331
211.444
208.809
207.628
198.230
190.694
247.023
193.099
238.516
243.713
246.513
220.061
221.805
213.697
215.756
202.641
222.322
215.309
226.262
207.479
218.148
203.783
219.549
207.954
209.305
217.503
203.192
201.671
194.319
238.551
182.656
181.789
222.139
226.397
194.171
200.091
204.628
190.623
190.951
201.025
246.806
198.688
220.667
214.534
201.895
206.840
202.593
204.347
204.595
201.726
196.752
196.898
204.895
204.615
201.875
203.574
198.901
205.272
211.528
225.609
222.801
211.077
197.133
209.302
205.534
211.308
225.100
221.364
219.882
220.098
222.885
217.436
211.648
204.745
225.700
222.878
220.378
221.533
227.077
224.647
214.322
241.485
242.323
222.694
214.869
236.229
236.226
198.229
226.170
205.603
217.883
242.317
240.623
213.231
228.053
213.567
212.065
201.691
207.840
204.046
191.645
191.423
211.129
205.411
205.253
214.333
190.012
192.278
189.368
188.073
185.753
244.240
241.950
223.902
198.052
197.977
205.954
195.613
187.885
193.934
175.286
186.848
245.182
242.311
234.357
209.483
232.484
191.390
212.521
205.331
212.900
193.379
216.180
200.383
235.642
193.751
196.417
206.804
237.545
215.552
212.342
215.462
200.909
192.473
239.990
192.733
238.843
192.036
195.951
187.424
200.506
241.235
238.322
231.310
231.920
223.643
221.481
203.262
198.285
217.197
224.499
229.281
207.817
204.635
199.088
197.969
194.257
194.093
191.773
251.124
215.898
252.948
192.858
249.429
216.951
218.261
195.905
226.338
196.124
196.197
249.143
199.692
246.151
198.295
246.394
193.305
193.512
199.963
193.956
229.877
252.902
208.263
234.123
230.067
243.295
242.317
242.025
232.676
231.765
235.181
217.434
226.380
231.635
237.185
230.566
215.656
229.405
215.053
235.133
230.585
229.745
225.035
213.042
242.623
221.614
240.757
205.739
232.380
208.080
208.539
206.940
200.431
220.129
203.072
258.825
241.453
209.112
245.953
197.455
246.130
209.195
238.059
236.132
214.377
215.761
207.283
202.299
202.575
225.171
202.822
217.221
246.231
244.760
239.848
210.659
209.137
232.965
236.920
237.224
229.279
245.652
249.888
247.837
249.776
244.387
244.315
249.425
244.679
249.160
244.850
241.230
250.931
238.219
238.006
248.275
250.045
254.250
252.080
235.675
254.131
240.027
226.246
220.398
227.125
245.039
267.035
265.260
267.063
249.204
244.689
229.716
232.445
247.661
234.886
247.115
250.521
235.526
289.393
257.715
260.417
266.905
259.531
262.086
247.997
246.465
258.203
244.769
301.700
299.885
248.556
261.142
285.655
297.144
295.946
282.788
302.315
243.445
253.493
297.183
305.520
294.669
257.286
250.124
333.986
326.609
276.624
312.185
253.560
255.155
326.126
325.309
269.539
290.973
268.554
327.940
263.537
282.666
267.389
268.303
285.597
321.813
372.273
319.782
300.694
318.077
362.656
298.484
314.929
382.877
309.770
384.788
296.987
284.435
287.948
305.000
307.757
329.347
304.812
395.730
306.760
392.914
391.685
347.637
434.091
394.393
378.402
408.727
369.738
364.447
348.830
388.102
346.753
398.179
345.562
350.357
416.965
452.782
446.224
373.057
380.072
384.217
362.013
362.981
468.699
360.475
370.057
473.068
465.333
374.338
480.526
398.739
475.195
402.671
427.501
484.853
408.818
488.875
436.250
427.315
418.422
414.398
405.122
418.314
440.984
440.452
443.670
550.923
420.979
458.045
550.225
536.975
420.962
412.949
412.939
429.174
430.012
477.330
590.989
454.208
454.113
453.300
603.438
590.295
616.599
504.980
604.695
590.716
481.861
472.772
603.260
467.027
468.249
466.074
607.338
521.738
604.460
566.605
618.781
497.947
488.595
593.314
550.616
530.943
494.660
523.740
503.270
508.879
607.544
485.462
526.310
679.148
684.923
665.047
672.088
518.168
506.268
513.075
514.265
514.382
696.724
497.174
543.511
704.879
553.033
533.310
747.338
733.035
526.515
754.451
750.723
518.938
505.307
550.271
525.531
511.736
542.849
703.592
739.747
499.345
493.017
489.921
517.148
518.690
721.822
568.066
543.490
537.168
561.141
658.690
649.884
842.541
579.665
841.943
772.976
579.400
563.499
579.682
845.751
803.277
786.853
778.941
783.107
783.426
681.142
550.258
571.567
558.418
570.848
577.181
568.081
749.268
567.312
559.459
831.300
561.181
550.651
585.569
555.250
555.061
788.006
562.293
562.483
869.121
921.684
905.062
891.986
584.132
561.108
552.803
543.934
570.241
585.545
948.218
594.025
961.981
743.588
745.339
724.178
559.577
554.214
900.616
560.917
546.564
550.632
572.932
991.870
987.539
538.323
986.638
986.083
990.868
1000.457
771.321
568.841
552.648
552.974
555.047
543.732
584.742
549.785
543.439
555.077
553.061
590.483
1018.418
591.401
581.314
581.757
545.053
551.466
593.989
1109.661
542.520
1123.581
569.440
568.165
556.303
527.997
514.126
537.263
979.410
1024.236
526.919
541.125
578.006
552.510
1107.867
546.205
519.797
536.128
569.020
724.395
549.760
1097.047
570.075
1102.000
565.956
1070.899
1100.087
1105.197
546.915
543.909
532.528
1071.551
532.491
961.054
1060.180
1108.631
1090.508
1070.754
565.161
1124.371
1069.275
1066.739
883.287
593.092
604.423
893.438
531.547
560.320
1100.217
580.073
582.912
1097.766
1090.353
545.825
532.283
543.236
583.116
1098.286
585.232
1106.280
989.184
1101.582
836.341
548.944
1087.831
547.444
555.196
1007.440
938.558
593.596
592.669
1063.922
671.010
591.907
540.963
530.243
500.662
531.796
617.074
1028.424
1058.473
1059.542
1057.256
1045.112
487.542
670.228
642.730
539.758
514.717
507.462
561.730
483.057
483.401
481.896
1013.806
458.086
1049.983
444.328
480.034
490.704
1028.504
975.222
430.311
975.339
738.707
460.971
452.228
436.874
410.163
470.720
859.351
404.994
472.750
874.350
805.934
853.151
798.457
440.532
436.788
451.023
421.666
458.109
461.852
438.228
437.198
419.456
763.615
567.389
424.421
414.363
453.198
483.988
432.487
413.848
413.462
464.031
411.133
416.080
432.047
397.496
604.500
359.854
755.179
747.054
436.012
774.014
593.687
601.728
459.537
375.961
373.508
414.354
736.195
367.411
408.368
374.483
378.259
477.541
368.786
706.007
723.760
372.014
468.897
421.122
535.295
647.689
456.773
422.389
428.913
407.488
623.861
350.356
CACC_TRUCK
240.689
243.238
241.884
242.674
244.460
245.739
245.311
245.322
243.158
242.309
245.471
240.385
250.496
250.649
251.006
247.318
241.168
241.907
242.220
250.815
241.616
252.049
249.458
247.496
244.781
245.493
243.290
242.729
242.655
244.475
242.501
243.079
255.957
254.888
254.090
243.836
246.757
258.361
248.227
247.623
249.605
250.946
248.031
291.144
287.222
272.954
296.078
303.883
368.382
383.582
388.229
412.003
414.462
481.596
513.084
551.022
581.214
610.403
606.659
615.264
615.710
709.609
729.502
783.073
840.075
844.901
844.537
597.151
892.033
619.470
947.317
946.714
603.758
651.719
617.687
1067.474
1149.902
1148.138
1151.252
577.005
585.648
1116.341
1101.156
606.239
1113.176
1131.677
1098.025
1083.333
562.108
1077.070
1048.580
923.769
889.190
507.112
770.206
779.575
813.603
763.442
753.305
735.984
430.638
ACC_TRUCK
243.204
243.090
241.667
245.680
246.121
249.044
245.431
247.267
244.922
254.200
246.748
245.200
241.641
247.623
245.268
247.665
244.482
246.921
243.205
243.620
247.722
253.184
242.530
244.494
241.697
251.788
248.556
244.065
243.071
245.423
244.285
242.240
247.017
245.662
244.112
244.339
242.753
245.007
245.630
242.913
255.030
252.512
256.276
257.380
255.995
255.152
254.541
249.925
251.442
250.607
249.940
250.781
246.475
247.107
288.773
291.206
283.793
285.802
296.282
335.819
342.642
389.365
398.903
452.071
481.652
498.574
499.116
558.897
561.378
646.533
669.122
697.388
572.511
801.257
840.028
870.356
871.715
940.527
966.823
986.449
1006.587
1008.154
1048.380
1129.553
580.560
1147.324
973.220
574.753
1151.808
595.052
588.200
1115.965
1123.112
608.576
1114.842
589.104
574.828
1083.757
1066.308
1038.984
1035.371
1033.958
967.036
499.470
930.218
921.924
896.045
834.564
785.019
774.641
770.369
794.984
781.256
803.359
767.335
761.827
673.820
433.566
675.337
