CAR
177.075
182.005
177.348
189.828
186.587
185.441
188.918
178.968
177.300
177.985
188.874
178.987
184.049
191.640
205.645
216.204
180.820
196.831
222.971
207.376
226.334
206.277
208.142
202.278
199.983
196.939
187.959
209.189
192.858
230.955
193.204
218.737
218.349
215.032
214.713
213.743
237.512
206.795
193.974
193.486
238.665
183.549
232.864
167.172
176.455
220.123
179.110
177.516
217.145
185.767
172.283
184.037
220.090
237.783
184.015
239.281
177.358
231.501
183.597
212.656
194.957
182.483
194.207
191.253
201.264
196.867
191.611
221.492
214.895
192.503
189.715
208.946
199.718
211.644
191.968
213.033
179.456
196.103
212.563
187.562
225.870
195.680
199.427
187.264
202.076
187.199
182.369
186.230
175.981
185.711
178.931
183.023
245.264
208.478
192.085
192.360
208.947
224.420
208.287
190.201
189.320
190.841
198.877
192.881
229.888
234.699
219.414
241.357
229.232
211.916
217.710
223.057
217.654
207.632
206.439
192.649
192.443
207.155
191.684
205.287
221.873
236.296
237.783
221.442
197.188
240.254
244.780
232.665
230.305
238.676
236.369
222.603
231.480
227.255
230.600
234.257
215.588
213.130
209.492
221.878
234.542
207.149
200.048
215.213
199.973
196.606
194.341
224.187
195.242
258.917
199.062
213.094
253.728
186.591
186.785
248.057
187.079
249.482
191.924
196.790
214.313
245.995
198.603
187.528
226.064
223.228
214.615
200.090
224.624
214.389
238.214
229.798
219.695
217.110
183.925
170.720
175.279
188.089
176.500
188.937
201.592
223.400
225.458
192.883
244.172
192.584
198.654
180.491
180.896
179.800
179.987
216.774
231.408
204.514
223.014
221.692
190.305
185.997
193.050
227.766
200.402
228.651
243.894
212.290
244.299
244.622
242.718
215.493
222.207
210.002
210.550
216.729
230.392
237.056
230.153
218.219
218.410
217.420
217.680
222.695
245.288
229.849
243.283
238.761
239.027
226.303
222.579
218.444
217.887
215.072
214.474
212.411
254.106
254.301
224.547
254.128
242.410
240.851
228.194
221.598
226.526
230.918
211.811
206.954
221.112
221.171
224.136
243.445
222.664
222.201
233.286
217.447
215.720
245.170
222.255
243.009
206.549
242.819
206.838
237.753
208.302
207.392
232.795
207.121
247.108
245.193
245.179
232.445
241.200
226.773
233.994
219.032
240.854
209.067
209.462
238.040
210.153
217.813
235.766
212.042
234.107
206.273
231.494
216.208
231.736
209.834
210.036
228.449
217.084
214.388
224.264
216.603
222.823
230.630
207.314
210.364
207.694
197.017
199.141
215.800
193.517
223.721
204.732
218.064
190.263
207.380
210.575
189.865
180.355
227.290
219.171
239.624
227.023
189.989
225.019
191.023
203.904
207.613
185.066
236.035
207.803
189.439
241.621
187.920
240.199
199.398
212.041
189.561
208.695
202.283
209.760
193.183
231.284
211.999
212.522
203.789
212.673
222.597
237.462
238.130
224.540
203.464
223.083
214.727
202.809
202.711
202.243
214.764
211.746
212.924
210.689
251.103
244.523
245.325
226.575
245.588
246.286
223.098
246.457
222.598
245.015
227.883
224.487
244.379
224.065
224.180
224.423
220.292
217.314
244.813
215.140
245.065
214.992
213.578
219.299
245.128
208.147
240.583
239.863
223.335
241.649
207.988
241.943
232.915
218.304
214.246
220.635
235.290
235.866
217.847
209.603
224.269
212.244
227.030
219.215
210.951
210.942
229.023
205.640
219.483
217.170
224.160
214.148
226.460
226.590
214.968
215.066
212.414
209.875
206.573
247.829
205.752
205.983
206.654
243.918
223.837
208.395
245.743
208.618
245.910
245.938
200.218
244.375
244.276
204.888
241.822
228.331
206.686
206.964
224.600
224.642
235.702
204.703
246.289
212.955
214.158
209.397
214.169
241.651
244.096
242.630
239.939
215.203
217.104
217.170
239.869
230.166
234.284
248.110
228.560
248.600
251.599
227.396
236.823
227.448
244.711
227.724
226.950
243.224
217.413
217.485
231.484
208.788
230.318
213.524
204.853
225.450
208.486
250.109
241.264
220.195
208.760
253.034
223.348
235.458
212.258
234.082
211.049
211.472
256.628
230.096
202.093
212.010
202.880
259.741
258.375
257.151
208.014
241.687
213.155
209.943
204.214
215.070
243.371
228.583
259.407
208.508
256.987
248.310
256.190
209.825
258.089
218.638
220.389
219.568
241.914
229.099
229.320
228.597
226.206
285.174
232.032
280.784
240.907
236.236
251.066
301.041
236.440
253.820
252.799
294.534
247.922
325.788
326.325
264.308
248.478
246.900
363.766
261.654
316.601
316.632
294.394
330.452
314.619
392.230
299.783
303.006
395.512
302.248
285.012
296.256
299.457
299.930
293.228
303.864
306.409
435.197
298.023
326.796
301.906
297.948
454.159
314.918
459.806
450.817
322.802
321.250
462.851
315.663
308.036
314.900
311.118
310.664
314.031
354.011
340.241
452.497
363.951
367.154
337.447
349.422
349.775
330.403
481.593
343.999
351.994
344.207
490.228
339.010
339.790
339.070
334.234
355.410
366.008
358.474
330.968
329.330
487.066
408.630
354.324
497.367
367.883
404.673
398.091
350.493
551.301
550.227
358.155
370.506
369.049
562.253
545.132
573.640
370.616
397.449
565.911
379.509
371.099
398.605
382.280
380.213
384.418
381.661
422.867
385.829
380.664
380.451
376.357
562.841
575.425
614.719
456.525
382.336
407.552
408.275
604.348
418.072
423.478
417.311
425.870
384.876
393.809
393.682
393.909
398.597
377.614
656.950
655.320
376.702
405.945
380.787
402.124
662.164
522.456
432.904
494.840
470.251
680.022
416.430
673.636
443.895
436.862
677.140
405.597
672.055
418.294
413.908
454.350
443.404
435.935
412.971
406.086
721.198
413.399
718.356
431.427
412.937
414.779
414.935
411.060
411.036
422.539
400.555
453.440
420.656
434.251
745.602
405.905
398.103
748.534
744.809
453.815
442.883
460.627
426.121
423.037
425.391
423.309
415.587
764.176
403.252
403.588
781.186
403.634
771.099
406.190
767.028
401.684
433.681
383.802
388.753
415.403
411.319
808.660
805.845
791.715
789.469
468.135
448.500
436.473
464.181
439.013
442.950
438.109
414.617
421.752
411.760
394.198
829.651
829.409
497.882
848.067
453.045
445.353
844.271
846.585
455.050
431.858
423.075
417.499
408.155
822.102
421.952
421.994
824.973
428.794
662.938
580.044
417.631
801.381
414.473
836.031
421.480
829.355
837.954
448.161
479.392
457.621
494.960
458.277
816.366
809.687
811.231
439.664
470.713
427.770
447.009
427.803
438.916
444.502
429.092
426.467
434.296
818.904
485.701
405.345
414.815
403.245
824.448
507.451
437.969
876.352
479.239
497.477
482.516
505.869
473.398
476.420
473.058
476.932
435.379
432.830
574.479
433.537
431.592
793.560
422.512
423.891
417.040
433.209
743.417
769.623
480.352
573.325
521.028
418.206
413.714
454.084
599.620
701.338
617.753
386.200
379.462
511.548
614.419
573.305
561.224
385.802
610.155
378.424
578.249
369.366
562.065
562.705
402.465
423.076
398.084
382.380
527.831
531.655
365.008
407.249
377.845
361.575
342.689
333.416
542.986
323.066
343.759
350.520
532.458
344.390
343.824
491.346
460.502
313.699
325.946
481.705
305.299
340.033
482.538
315.201
441.891
344.772
382.500
359.452
490.105
374.658
373.804
380.695
368.745
297.380
367.672
348.302
316.019
356.467
317.557
344.531
295.726
308.999
331.022
304.450
326.960
269.568
266.989
278.451
251.326
218.248
273.067
230.687
273.294
267.381
193.116
266.438
268.940
246.284
231.875
269.032
268.872
249.958
217.402
229.595
231.091
213.015
209.562
198.613
195.246
192.217
183.528
181.427
193.694
206.892
232.212
240.651
221.228
250.414
190.730
189.902
240.371
193.957
192.175
205.357
180.793
199.755
182.148
194.891
180.015
178.518
196.023
208.266
220.311
175.236
175.174
196.485
177.704
173.656
186.743
206.720
199.017
221.013
170.742
168.089
181.082
226.985
186.024
168.779
178.137
173.538
166.695
182.696
161.815
168.879
197.308
195.707
179.073
225.366
192.431
179.246
191.631
191.476
195.353
193.935
183.227
218.897
181.030
192.686
196.109
198.792
176.536
202.068
207.167
171.381
187.704
185.253
176.953
176.875
182.462
192.558
186.233
177.016
174.271
176.890
210.536
244.546
184.912
170.978
169.614
189.414
ACC_CAR
179.177
176.641
189.320
186.259
187.147
181.165
181.432
179.743
181.768
162.391
191.620
188.530
185.667
178.865
216.793
188.072
179.488
207.673
186.628
195.445
210.819
200.220
193.130
190.548
189.504
209.077
213.054
227.341
200.093
200.120
236.533
221.683
208.312
209.064
204.188
193.101
199.549
197.648
235.905
214.193
220.508
210.357
214.086
203.334
242.876
238.285
174.587
179.874
179.161
194.930
193.220
177.284
231.839
231.817
187.084
195.256
182.797
186.045
228.890
184.531
230.241
185.594
188.956
203.115
179.919
193.365
222.085
181.281
207.934
208.276
206.579
176.922
195.761
213.903
189.408
209.540
187.386
185.507
183.110
251.827
251.471
230.904
210.105
208.266
195.716
221.742
198.127
227.218
192.694
191.990
227.938
196.701
187.322
193.696
204.190
198.592
223.238
228.697
210.244
206.673
192.910
215.925
192.062
192.323
190.488
191.196
199.901
197.766
193.007
236.306
236.589
224.122
201.809
199.216
225.660
248.452
247.066
239.031
238.979
227.919
230.901
233.344
231.193
221.592
209.771
209.624
200.013
204.144
210.867
200.232
206.988
194.609
190.859
182.908
257.876
209.395
192.921
192.983
249.772
250.149
216.023
191.048
223.954
185.806
253.995
199.321
188.283
224.490
208.208
201.274
201.764
193.830
176.673
172.416
239.103
225.041
235.868
224.023
215.479
194.339
187.838
201.315
223.249
196.915
193.629
193.647
191.483
221.828
188.345
187.938
203.301
187.358
203.531
191.619
194.683
184.681
180.209
180.785
181.613
245.424
231.048
215.325
229.479
229.843
204.780
214.442
208.671
225.948
237.547
222.661
217.682
218.081
241.049
228.004
215.792
215.256
242.431
215.790
213.241
215.835
226.148
218.681
219.044
232.312
230.714
219.585
242.877
240.791
242.444
242.694
242.936
239.303
235.772
235.783
234.226
218.809
248.371
214.612
215.199
219.543
249.307
249.686
226.822
225.549
230.104
220.277
213.853
245.758
211.505
230.064
211.316
215.131
226.960
235.496
245.454
221.752
222.932
219.756
223.228
227.906
235.885
217.171
226.760
215.482
225.461
235.124
241.476
208.722
209.041
239.615
239.918
211.623
212.012
230.187
231.636
221.052
215.791
231.495
247.192
208.802
209.860
238.844
232.285
216.758
243.327
235.351
241.625
236.653
224.635
212.747
207.926
217.734
221.796
216.801
220.948
218.066
218.225
202.637
208.508
210.472
195.178
204.114
197.319
229.377
191.812
217.798
196.837
213.069
202.334
180.757
184.428
182.581
181.454
195.542
236.956
210.526
204.323
186.414
221.831
207.944
232.336
203.754
222.789
236.584
233.836
223.860
221.945
220.091
215.206
239.936
219.775
206.450
206.429
203.153
222.967
204.170
202.155
208.041
203.344
203.546
216.862
224.988
226.051
221.287
212.369
223.289
227.264
222.199
248.281
229.561
245.923
221.801
246.912
246.046
219.005
216.943
244.516
215.600
237.247
224.206
213.724
217.716
214.423
242.393
242.856
218.032
217.919
213.607
217.353
216.746
221.425
216.881
238.190
211.509
222.253
235.518
233.466
228.520
228.049
235.542
222.584
224.358
207.580
204.476
227.747
225.129
228.071
223.889
212.217
212.512
215.752
212.876
234.652
213.128
211.129
204.167
207.857
223.829
212.782
246.384
224.038
208.609
208.845
206.353
205.364
230.823
204.940
205.204
205.484
223.414
208.764
202.944
244.916
228.745
213.256
244.258
220.043
239.711
223.792
213.106
233.369
225.031
226.291
230.254
209.645
226.287
221.637
217.845
222.338
220.346
222.843
222.161
240.197
229.243
245.704
232.614
229.562
259.699
259.098
228.936
243.752
233.210
243.304
216.981
243.490
217.250
235.174
212.486
235.765
212.800
230.746
212.137
213.400
226.605
206.716
207.627
207.556
237.786
237.335
215.414
217.940
208.491
225.535
209.312
211.022
209.612
213.678
229.572
224.236
253.655
211.903
208.740
209.071
220.017
260.642
256.576
225.627
212.741
240.080
209.934
208.433
207.055
201.354
255.327
243.108
225.956
215.032
268.220
257.370
235.752
286.247
231.620
228.054
230.039
295.233
230.393
241.741
298.743
242.674
236.108
297.859
297.253
241.793
222.977
281.894
234.367
290.498
291.050
332.842
258.408
336.453
256.471
254.727
249.770
247.414
253.576
260.230
259.364
364.942
372.890
324.941
321.694
313.173
390.549
322.059
392.359
320.003
393.085
320.300
297.734
297.893
295.599
292.768
302.800
293.783
303.166
300.928
305.179
305.590
295.702
348.380
297.418
297.000
297.256
361.659
303.487
469.568
324.626
448.367
308.101
310.843
319.826
444.307
324.459
322.249
319.482
356.371
308.040
309.286
479.261
353.875
363.428
464.425
339.163
340.051
471.128
344.498
338.766
346.069
497.680
335.759
331.586
372.330
340.669
359.398
409.564
404.889
394.622
356.728
391.594
367.643
365.695
369.411
377.644
559.241
368.304
377.705
380.821
398.373
381.425
382.870
395.878
575.763
606.915
398.240
596.092
608.726
401.218
421.101
399.547
614.745
639.217
638.028
402.747
641.505
387.569
390.033
633.872
647.877
376.056
650.241
373.609
382.124
399.531
511.675
456.858
495.007
450.544
420.235
420.316
434.843
417.210
672.447
424.128
409.446
417.944
413.029
437.292
707.360
450.722
416.411
403.421
402.289
412.659
418.334
418.508
410.910
425.980
411.625
724.509
421.353
450.648
456.913
758.828
403.706
403.963
760.891
412.922
735.898
388.956
414.449
429.080
755.303
390.514
382.117
394.690
377.545
425.199
430.699
806.169
830.150
468.221
833.475
831.432
834.692
833.971
422.472
822.693
453.109
431.902
403.904
404.201
410.372
452.606
459.222
451.746
652.440
392.697
400.275
398.264
867.329
852.059
844.402
821.769
420.138
415.871
415.606
438.531
473.328
809.799
791.073
832.820
817.839
426.720
805.912
456.060
833.409
421.743
439.847
429.444
428.485
816.882
813.377
529.414
475.825
412.155
831.741
443.368
826.579
424.192
802.723
808.073
439.916
430.847
442.663
425.499
531.245
875.118
504.523
823.098
877.268
814.528
811.012
808.061
483.473
850.730
826.783
823.242
822.459
464.864
844.589
458.139
457.416
464.406
789.218
418.377
525.889
435.284
769.166
421.862
435.595
739.763
498.512
776.934
778.214
414.206
738.263
749.026
743.241
411.420
429.209
725.303
405.420
414.814
761.439
458.713
410.077
426.537
740.389
441.218
620.690
408.417
414.526
399.029
394.094
434.279
403.849
381.566
608.827
369.514
571.712
414.325
388.009
383.239
382.705
357.015
377.366
504.048
487.686
459.485
319.716
481.377
412.597
309.718
483.302
335.111
469.063
305.420
460.083
350.821
473.103
307.118
347.666
311.769
314.073
338.908
341.443
310.196
282.776
299.869
313.081
290.404
291.397
306.811
297.185
274.532
269.469
274.767
254.930
295.213
295.540
227.112
279.004
217.908
280.173
217.152
215.373
248.738
202.215
197.555
216.892
209.636
218.648
268.926
217.163
257.907
260.535
253.135
241.452
240.984
208.600
209.061
198.458
220.573
191.268
213.707
236.984
179.607
183.455
232.434
236.196
214.388
219.415
208.334
194.596
177.568
178.242
170.070
176.354
209.049
183.236
200.572
181.343
202.174
208.081
184.879
189.680
197.848
182.438
181.585
173.661
190.169
177.634
215.606
233.610
224.888
202.630
198.019
197.363
187.400
189.456
161.230
197.048
221.828
210.661
222.787
181.586
199.378
186.373
219.648
202.260
193.352
197.898
187.206
177.125
197.798
193.958
193.522
172.686
175.352
239.978
180.244
215.108
209.112
224.284
231.301
175.174
191.834
194.005
193.801
187.867
164.969
175.565
217.052
181.059
184.998
226.811
225.010
193.943
186.279
226.735
182.790
183.833
195.082
175.598
173.602
CACC_TRUCK
241.746
242.805
241.884
242.681
242.393
241.794
244.280
241.803
254.631
251.234
246.994
243.471
245.257
246.365
245.946
244.917
245.257
245.211
245.146
253.598
241.457
245.171
243.551
249.237
243.825
244.479
244.076
242.829
243.306
244.139
244.126
242.741
242.897
243.614
242.976
244.236
244.543
245.975
244.223
245.972
243.497
244.960
249.306
247.238
246.727
246.886
245.531
244.953
244.868
246.234
248.666
258.707
254.469
285.020
350.390
389.925
393.694
350.424
461.132
528.552
614.248
679.250
716.698
723.581
730.588
751.083
469.624
469.698
838.678
542.711
850.968
852.472
839.656
831.433
859.268
858.969
862.434
542.108
494.655
882.110
834.265
806.177
804.705
709.816
679.900
604.722
567.068
542.676
384.677
367.967
320.325
240.516
241.841
241.491
243.982
ACC_TRUCK
243.139
242.221
243.404
241.468
241.855
251.379
246.126
245.804
244.599
249.683
243.560
244.040
253.447
251.150
244.631
246.427
244.103
244.396
246.083
248.707
244.403
248.362
245.461
249.260
245.583
244.664
250.821
245.276
247.203
247.603
244.312
246.744
244.213
242.740
244.595
246.202
243.641
250.788
249.064
243.248
246.007
247.444
245.500
252.279
245.210
244.490
251.318
247.660
249.504
253.088
255.317
256.891
260.164
262.022
296.203
354.734
368.196
453.497
471.135
481.487
477.932
389.916
511.090
566.327
597.060
613.418
645.662
666.569
678.374
684.086
458.836
775.213
795.697
833.258
825.098
832.228
866.715
508.063
838.107
480.842
460.023
832.527
868.528
510.836
536.710
470.529
764.874
756.728
564.950
457.943
627.227
598.386
542.946
485.925
365.172
383.691
257.216
249.845
249.757
250.583
241.927
241.788
242.243
246.497
246.071
245.070
242.509
240.128
243.712
240.154
243.607
244.056
240.605
