CAR
171.180
184.153
179.460
178.330
170.706
169.352
185.274
191.908
189.461
183.196
187.011
224.338
182.446
211.594
220.223
198.507
237.768
215.739
172.044
169.128
148.679
160.355
180.235
172.635
193.433
228.067
196.198
190.509
175.139
185.797
181.128
176.280
173.078
184.499
199.340
181.626
184.798
187.382
184.279
193.720
187.995
194.570
225.109
200.056
182.090
175.582
176.385
209.345
176.153
195.424
150.898
169.873
170.419
234.958
234.436
232.317
176.323
169.201
178.933
185.858
206.269
186.741
188.115
196.689
186.046
188.552
174.279
179.793
208.713
199.525
215.345
195.737
190.305
197.836
192.518
176.099
178.666
187.128
211.708
171.618
164.904
178.726
229.601
194.683
185.194
173.449
213.099
178.189
211.198
209.148
196.279
173.295
179.501
176.409
209.913
201.671
181.987
182.368
183.326
168.840
233.858
224.897
224.288
222.266
201.039
185.778
228.570
222.660
195.558
197.982
188.572
207.928
182.981
181.889
177.358
222.322
188.805
211.806
202.318
193.122
173.213
194.857
202.672
196.593
195.113
196.607
181.109
217.130
193.605
184.280
170.879
199.610
195.624
236.918
236.543
165.120
232.692
216.562
216.833
190.084
188.427
186.327
186.104
179.566
218.632
214.506
203.364
187.817
187.884
204.022
197.120
182.711
207.385
191.035
214.687
216.504
216.930
211.165
213.888
219.312
218.556
205.032
224.361
230.502
248.512
232.447
216.056
218.087
211.277
201.424
205.644
204.020
183.592
199.227
200.377
202.934
212.052
208.223
239.256
188.547
233.152
192.959
223.475
210.611
213.824
206.398
204.528
206.949
198.321
213.544
187.943
213.885
226.340
181.572
178.296
200.153
209.022
193.904
195.918
194.038
179.664
183.324
186.715
219.746
182.582
238.860
191.966
242.399
185.449
191.358
213.465
185.676
180.795
239.051
180.313
187.576
240.707
220.684
200.325
192.107
185.526
192.524
207.831
202.129
217.458
212.529
196.334
244.880
204.635
216.222
206.246
177.350
198.319
203.896
209.559
191.771
188.736
193.965
184.594
218.520
186.969
172.379
191.844
175.847
227.605
172.093
171.758
183.067
197.245
214.072
212.980
194.828
203.681
179.012
205.573
200.440
208.472
236.768
237.614
237.871
205.097
192.237
214.234
183.803
181.806
195.132
209.435
248.398
248.711
249.376
181.586
230.731
203.344
207.308
224.509
204.993
196.792
208.388
199.106
231.020
208.477
241.594
241.891
233.272
236.820
217.812
205.809
198.998
224.080
186.497
197.454
190.245
212.196
228.418
196.964
199.077
195.673
203.239
199.008
190.496
244.569
186.147
185.101
246.539
177.228
183.165
220.225
217.932
213.444
188.032
185.335
191.425
182.635
187.068
227.832
226.584
204.657
200.671
204.301
242.530
194.425
226.735
233.612
187.756
204.370
183.391
207.852
181.892
222.568
195.381
199.316
238.290
219.465
190.367
216.750
213.189
195.613
192.434
188.671
218.307
190.620
199.414
190.542
193.683
189.376
183.693
180.570
187.539
188.298
250.644
192.373
199.295
228.736
200.129
197.832
233.657
203.250
200.427
235.478
210.876
197.163
193.822
200.285
220.703
202.866
206.251
187.505
192.902
189.611
190.892
218.567
199.794
217.790
207.074
214.607
226.029
207.271
199.129
197.249
192.455
206.322
198.943
226.808
189.436
197.061
185.232
234.565
222.823
225.087
198.876
191.283
190.609
225.245
207.407
208.141
182.044
211.699
197.422
194.518
225.160
192.148
197.253
210.852
199.603
215.186
227.168
214.380
212.890
205.565
210.457
200.616
180.922
177.968
210.772
203.032
203.335
226.230
187.455
224.249
201.871
197.997
178.257
190.099
180.360
230.219
201.613
189.444
194.340
224.231
201.124
186.968
202.570
220.889
220.492
220.162
217.510
184.067
187.884
181.018
179.080
191.068
222.724
197.966
203.915
170.969
242.004
239.405
232.111
188.347
181.355
205.375
181.216
181.107
176.710
197.331
188.734
185.489
182.069
205.520
160.427
194.563
180.117
189.426
173.328
224.673
194.100
202.829
183.986
190.446
168.332
168.538
174.796
172.578
182.331
180.765
206.276
187.126
190.275
180.325
188.283
191.209
190.746
189.746
193.616
172.267
197.242
163.205
218.720
218.715
196.665
179.166
177.555
170.041
178.153
171.753
173.270
209.475
173.785
187.358
236.953
211.852
207.956
196.488
198.391
177.413
174.075
222.408
209.733
168.860
209.468
158.855
166.572
181.024
153.674
176.494
183.868
177.879
212.498
209.416
171.837
173.804
179.927
176.551
191.109
199.623
180.816
196.907
192.945
174.714
179.416
192.836
207.093
189.219
190.790
181.571
170.953
187.354
174.797
185.699
181.962
168.634
169.741
197.601
177.277
168.386
178.523
193.396
204.503
173.054
213.427
201.789
194.185
175.883
165.288
173.105
168.516
208.439
211.771
181.861
173.460
174.299
187.995
191.784
176.981
178.256
183.583
159.598
191.171
203.163
160.533
184.600
216.017
181.032
169.704
211.783
159.795
193.374
185.275
180.783
253.586
231.705
185.589
161.314
191.125
207.259
185.048
213.012
169.007
212.414
174.550
176.209
214.281
190.805
189.048
194.199
191.784
180.289
188.426
181.122
164.890
174.519
241.188
179.408
241.499
182.404
218.727
195.898
240.064
183.619
224.722
182.298
212.271
176.309
171.030
180.596
192.432
178.963
189.476
180.122
184.698
182.383
165.374
189.483
181.821
211.420
211.188
206.401
178.666
150.857
222.748
217.104
166.702
165.204
167.692
173.597
204.218
171.320
180.371
185.917
166.056
194.310
174.113
189.609
196.696
200.462
178.888
191.177
219.205
165.541
203.173
181.099
189.973
184.132
179.879
179.559
163.571
198.169
231.898
190.651
181.350
186.856
202.086
189.463
190.284
185.103
215.250
216.555
205.141
177.706
207.183
ACC_CAR
178.177
189.485
182.849
178.384
179.910
180.842
176.936
179.462
179.563
174.520
211.922
204.697
208.554
224.963
205.129
217.193
204.924
189.313
181.366
183.233
222.056
189.199
187.223
180.622
202.537
232.412
172.513
226.848
182.366
167.934
168.941
181.830
180.029
197.618
209.611
219.740
198.272
201.069
210.315
186.807
163.221
171.580
183.843
174.719
193.754
221.523
183.955
160.936
205.387
159.961
205.694
166.372
148.355
180.728
181.293
192.737
220.941
177.493
180.384
172.648
174.976
211.480
192.852
203.913
190.881
183.974
189.507
185.754
243.338
240.346
228.153
186.581
187.583
203.498
181.560
189.708
174.734
202.506
200.129
186.475
182.383
177.204
193.603
182.808
191.568
212.825
185.110
208.978
181.813
189.086
181.118
189.235
182.629
182.276
191.995
198.839
179.908
188.895
187.259
184.896
183.880
200.337
184.201
177.591
217.264
174.320
205.169
211.370
202.816
170.722
174.690
196.246
174.747
217.424
193.744
211.610
190.892
194.808
207.871
179.081
183.129
217.367
189.423
222.993
225.637
225.620
177.790
167.415
177.587
174.087
179.820
218.608
199.211
212.826
209.421
200.797
195.169
188.069
197.054
183.388
195.880
180.291
179.453
210.994
184.838
193.318
195.591
198.812
238.010
212.665
218.536
208.820
243.526
230.210
227.893
218.006
233.456
205.659
204.149
197.815
191.789
196.522
195.966
218.073
213.400
198.894
225.495
180.154
221.184
193.128
217.885
198.250
195.939
191.304
214.239
226.066
191.193
220.558
182.832
220.753
219.434
216.462
202.915
216.790
182.498
214.756
190.288
181.434
189.274
181.736
188.937
182.002
196.703
231.218
211.434
193.090
172.745
180.616
200.182
182.796
187.368
176.143
185.120
211.548
228.445
221.578
220.938
234.967
222.168
201.078
203.494
180.827
198.662
203.608
184.068
180.116
179.628
224.829
215.904
175.901
184.866
176.683
221.438
195.360
221.638
180.168
198.284
210.790
212.805
215.898
217.203
196.960
188.786
197.022
194.653
197.365
209.658
200.715
178.971
203.421
188.756
185.949
233.665
205.333
203.490
232.903
194.637
199.426
224.894
184.070
182.024
179.270
200.650
175.855
183.884
219.499
213.090
212.861
210.999
240.446
217.205
213.523
212.861
211.993
208.652
202.668
235.437
218.065
199.204
223.323
186.030
230.779
229.574
221.174
193.367
217.914
202.116
201.850
196.923
199.257
197.289
178.758
204.180
202.740
197.978
172.858
248.288
191.011
233.465
230.092
179.888
189.175
186.956
191.377
184.658
180.323
200.702
228.354
204.020
202.869
197.167
212.466
226.317
190.920
186.451
192.805
228.747
213.012
221.570
229.819
218.170
204.533
216.023
198.755
215.399
210.566
196.986
215.169
192.436
220.791
207.500
191.282
229.792
182.047
191.331
176.848
220.302
202.408
202.848
230.881
229.664
207.368
192.588
200.507
234.580
231.032
222.675
206.114
181.165
207.001
180.775
233.117
233.483
193.728
179.144
180.632
241.415
181.236
238.688
213.637
181.474
192.185
190.119
190.758
195.642
229.962
202.452
219.187
217.481
217.331
233.116
191.268
235.172
194.186
219.109
214.317
231.715
229.289
225.797
235.679
221.120
197.257
227.426
225.460
212.625
204.172
210.851
215.383
214.655
208.868
191.491
240.505
194.069
216.019
197.622
203.720
190.002
210.736
183.074
238.207
175.539
173.910
210.257
227.140
221.478
188.053
218.236
185.874
218.924
243.015
235.172
177.442
179.217
217.885
217.060
197.632
180.629
194.714
229.793
215.137
201.974
177.415
191.969
168.579
176.985
197.936
180.237
188.370
186.102
186.498
199.212
189.007
221.967
187.023
195.116
224.376
189.668
174.682
190.964
210.635
169.023
202.018
181.429
173.832
209.546
190.134
187.540
186.226
189.304
226.635
224.848
172.114
186.995
186.199
180.812
183.618
215.409
197.869
191.167
174.259
218.132
207.481
194.221
191.357
175.128
199.563
195.425
192.928
200.245
174.936
148.009
183.708
192.317
206.812
206.837
196.551
193.231
194.572
205.104
222.336
198.153
222.360
221.925
206.826
197.277
196.241
217.618
173.072
206.271
202.149
198.775
198.014
201.867
180.989
172.185
215.080
194.316
203.797
161.525
200.468
195.207
184.962
194.955
177.330
186.077
180.266
222.350
181.710
191.103
172.699
178.377
217.801
202.555
193.992
194.582
178.564
196.714
197.025
212.630
191.627
200.114
159.824
177.161
174.745
191.220
191.254
160.621
223.758
180.193
165.218
181.065
198.249
223.212
181.017
180.788
182.295
175.836
188.832
177.662
188.866
210.822
187.588
203.113
213.519
200.477
190.619
195.555
154.552
202.116
197.987
193.459
182.353
165.178
186.267
194.353
178.883
167.289
207.420
213.734
190.169
161.458
177.228
200.272
177.797
207.083
197.380
183.325
197.015
177.566
193.120
174.798
211.415
185.900
187.669
175.516
188.626
186.491
186.095
180.153
184.942
238.656
216.339
188.406
187.701
207.668
207.660
185.009
153.830
211.122
193.423
183.107
167.970
156.664
183.085
211.343
190.872
177.224
191.609
209.104
199.541
167.639
191.630
191.905
171.151
227.726
173.170
192.350
183.414
175.630
182.076
195.754
175.174
191.476
223.769
185.331
164.846
210.316
203.837
203.015
172.864
178.575
165.264
179.593
212.758
188.449
195.880
208.241
205.081
187.083
173.404
186.968
179.144
184.961
185.864
185.421
179.572
180.084
182.660
219.809
226.445
171.711
223.221
193.262
188.610
CACC_TRUCK
241.540
241.927
241.291
240.058
240.058
241.435
240.058
241.423
240.341
240.804
242.659
240.715
241.687
242.364
240.480
242.576
240.778
242.655
243.371
241.946
240.806
242.376
241.562
240.836
242.721
243.806
240.267
241.535
242.207
241.021
242.236
243.412
244.133
247.674
242.321
241.933
241.055
242.049
241.203
249.588
243.573
240.942
240.636
242.636
249.758
243.565
241.310
241.380
240.505
240.058
241.418
240.058
240.019
243.005
240.717
241.671
240.401
241.510
239.945
240.059
240.058
240.058
242.369
240.059
240.058
240.503
240.767
241.712
240.199
240.414
240.398
241.099
241.408
241.829
ACC_TRUCK
248.375
241.227
241.084
242.188
242.894
242.674
244.128
242.797
241.344
245.503
246.531
243.093
256.654
240.596
241.126
250.950
243.030
241.773
244.543
243.719
252.829
242.023
247.993
249.965
241.809
244.245
245.089
242.421
244.475
243.005
250.159
246.756
245.313
249.871
250.231
249.989
247.348
242.074
241.963
240.942
241.512
242.820
241.968
245.137
241.832
242.787
244.427
240.559
245.056
240.525
241.065
242.875
244.557
243.504
242.165
241.753
242.240
241.861
243.304
242.630
242.163
241.458
242.142
245.521
241.509
242.608
243.281
